2	20	600	2023-12-19	12	11	16.52	198.29	2024-11-01
7	70	700	2024-03-01	10	8	120.90	1209.00	2024-11-01
32	340	400	2024-07-13	6	4	74.02	444.09	2024-11-01
2158	21810	100	2024-10-01	1	1	19.98	19.98	2024-11-01
2159	21820	100	2024-10-03	1	1	19.98	19.98	2024-11-01
2160	21830	500	2024-10-03	1	1	39.90	39.90	2024-11-01
2161	21840	1100	2024-10-05	1	1	54.90	54.90	2024-11-01
2162	21860	100	2024-10-01	1	1	118.34	118.34	2024-11-01
2163	21870	400	2024-10-05	3	1	63.33	190.00	2024-11-01
2164	21880	600	2024-10-04	1	1	39.90	39.90	2024-11-01
2165	21890	500	2024-10-07	1	1	44.90	44.90	2024-11-01
2166	21900	100	2024-10-07	1	1	9.86	9.86	2024-11-01
2167	21910	600	2024-10-05	1	1	19.50	19.50	2024-11-01
2168	21920	600	2024-10-05	1	1	34.98	34.98	2024-11-01
2169	21930	100	2024-10-05	1	1	13.32	13.32	2024-11-01
2170	21940	100	2024-10-05	1	1	141.45	141.45	2024-11-01
2171	21960	600	2024-10-07	1	1	33.49	33.49	2024-11-01
2172	21970	600	2024-10-01	1	1	38.99	38.99	2024-11-01
2173	21980	100	2024-10-01	1	1	145.78	145.78	2024-11-01
2174	21990	1100	2024-10-02	1	1	10.88	10.88	2024-11-01
2175	22000	400	2024-10-02	1	1	67.96	67.96	2024-11-01
2176	22010	100	2024-10-04	1	1	93.90	93.90	2024-11-01
2177	22020	100	2024-10-04	1	1	8.50	8.50	2024-11-01
2178	22030	1100	2024-10-07	1	1	21.49	21.49	2024-11-01
2179	22050	100	2024-10-08	1	1	31.88	31.88	2024-11-01
2180	22060	1000	2024-10-09	1	1	432.00	432.00	2024-11-01
2181	22070	600	2024-10-09	1	1	19.90	19.90	2024-11-01
2182	22080	100	2024-10-10	1	1	119.70	119.70	2024-11-01
2183	22100	500	2024-10-09	1	1	54.90	54.90	2024-11-01
2184	22110	100	2024-10-09	1	1	14.67	14.67	2024-11-01
2185	22120	100	2024-10-09	1	1	3.49	3.49	2024-11-01
2186	22130	100	2024-10-11	1	1	25.58	25.58	2024-11-01
2187	22140	600	2024-10-11	1	1	39.99	39.99	2024-11-01
2188	22150	100	2024-10-11	1	1	62.99	62.99	2024-11-01
2189	22160	100	2024-10-13	1	1	22.46	22.46	2024-11-01
2190	22170	600	2024-10-12	1	1	63.13	63.13	2024-11-01
2191	22180	600	2024-10-12	1	1	5.39	5.39	2024-11-01
2192	22190	100	2024-10-12	1	1	31.48	31.48	2024-11-01
2193	22200	100	2024-10-13	1	1	33.23	33.23	2024-11-01
2194	22210	600	2024-10-13	1	1	49.90	49.90	2024-11-01